[gd_scene format=3 uid="uid://dqysunjlujb7m"]

[ext_resource type="Script" uid="uid://c6i87r1bjw4on" path="res://Core/NPC.cs" id="1_vyxn7"]
[ext_resource type="ArrayMesh" uid="uid://cyi0i05jlmbhc" path="res://vendor/PolygonBattleRoyale/Models/Characters/extracted/Character_70sFemale_01.mesh" id="2_wo341"]
[ext_resource type="Material" uid="uid://cwexdugll1jdc" path="res://vendor/PolygonBattleRoyale/Materials/PolygonBattleRoyale_01_A_mat.tres" id="3_6wxl0"]
[ext_resource type="ArrayMesh" uid="uid://djib40evsl5pt" path="res://vendor/PolygonBattleRoyale/Models/Characters/extracted/Character_ToplessMale_01.mesh" id="4_0t21r"]
[ext_resource type="ArrayMesh" uid="uid://cge1ehnwwivna" path="res://vendor/PolygonBattleRoyale/Models/Characters/extracted/Character_MilitaryFemale_01.mesh" id="5_y25ie"]
[ext_resource type="ArrayMesh" uid="uid://b4iae5aojoi08" path="res://vendor/PolygonBattleRoyale/Models/Characters/extracted/Character_BusinessMale_01.mesh" id="6_ki4j1"]
[ext_resource type="ArrayMesh" uid="uid://dhqed0o4li3q4" path="res://vendor/PolygonBattleRoyale/Models/Characters/extracted/Character_MilitaryMale_01.mesh" id="7_yijax"]
[ext_resource type="ArrayMesh" uid="uid://dxl0n0lf3l46a" path="res://vendor/PolygonBattleRoyale/Models/Characters/extracted/Character_SportyMale_02.mesh" id="8_o85kl"]
[ext_resource type="ArrayMesh" uid="uid://snfx7n46s7is" path="res://vendor/PolygonBattleRoyale/Models/Characters/extracted/Character_SportyMale_01.mesh" id="9_nwih4"]
[ext_resource type="ArrayMesh" uid="uid://bsudcpkl0fana" path="res://vendor/PolygonBattleRoyale/Models/Characters/extracted/Character_GothFemale_01.mesh" id="10_j5ih1"]
[ext_resource type="ArrayMesh" uid="uid://e10w4ofxt3v1" path="res://vendor/PolygonBattleRoyale/Models/Characters/extracted/Character_MercenaryFemale_01.mesh" id="11_pub64"]
[ext_resource type="ArrayMesh" uid="uid://cwgufnp4f26cd" path="res://vendor/PolygonBattleRoyale/Models/Characters/extracted/Character_MercenaryMale_01.mesh" id="12_hws3h"]
[ext_resource type="ArrayMesh" uid="uid://m32532it1nxs" path="res://vendor/PolygonBattleRoyale/Models/Characters/extracted/Character_RedneckMale_01.mesh" id="13_f6gfs"]
[ext_resource type="ArrayMesh" uid="uid://cyhpcftn5igep" path="res://vendor/PolygonBattleRoyale/Models/Characters/extracted/Character_SportyFemale_02.mesh" id="14_86tnc"]
[ext_resource type="ArrayMesh" uid="uid://b7k0bqrys3uyf" path="res://vendor/PolygonBattleRoyale/Models/Characters/extracted/Character_SportsBraFemale_01.mesh" id="15_jlad8"]
[ext_resource type="ArrayMesh" uid="uid://dnydrnb6podlt" path="res://vendor/PolygonBattleRoyale/Models/Characters/extracted/Character_SportyFemale_01.mesh" id="16_wlbu6"]
[ext_resource type="ArrayMesh" uid="uid://c2t2qk61k7wu6" path="res://vendor/PolygonBattleRoyale/Models/Characters/extracted/Character_GhillieSuit_01.mesh" id="17_b3jqo"]
[ext_resource type="ArrayMesh" uid="uid://brw4r06wfx51h" path="res://vendor/PolygonBattleRoyale/Models/Characters/extracted/SM_Char_Attach_Female_Armor_02.mesh" id="18_rgnjj"]
[ext_resource type="ArrayMesh" uid="uid://d4gvmd32iofjq" path="res://vendor/PolygonBattleRoyale/Models/Characters/extracted/SM_Char_Attach_Female_Armor_03.mesh" id="19_8pqd0"]
[ext_resource type="ArrayMesh" uid="uid://c6ifdg1av1kmm" path="res://vendor/PolygonBattleRoyale/Models/Characters/extracted/SM_Char_Attach_Male_Armor_03.mesh" id="20_fo3fi"]
[ext_resource type="ArrayMesh" uid="uid://rngesmu0rqq4" path="res://vendor/PolygonBattleRoyale/Models/Characters/extracted/SM_Char_Attach_Female_Armor_01.mesh" id="21_winlc"]
[ext_resource type="ArrayMesh" uid="uid://dte0altkje1gq" path="res://vendor/PolygonBattleRoyale/Models/Characters/extracted/SM_Char_Attach_Male_Armor_02.mesh" id="22_r8ihl"]
[ext_resource type="ArrayMesh" uid="uid://bu24prvvlfx0x" path="res://vendor/PolygonBattleRoyale/Models/Characters/extracted/SM_Char_Attach_Male_Armor_01.mesh" id="23_cw130"]
[ext_resource type="Shape3D" uid="uid://cj5gwdnnnm3q3" path="res://vendor/PolygonBattleRoyale/Models/Characters/Synty_Character_Collider.tres" id="24_irhpa"]
[ext_resource type="Script" uid="uid://bsav8dhjtj6j" path="res://Core/HTN/Planner.cs" id="25_0t21r"]
[ext_resource type="Resource" uid="uid://b82s6h5fq7han" path="res://ai/htn/compounds/be_a_stalker.tres" id="26_0t21r"]
[ext_resource type="Resource" uid="uid://d0ik63yviq1p3" path="res://enemies/stalker/stalker_blackboard.tres" id="27_0t21r"]

[sub_resource type="Skin" id="Skin_cea43"]
resource_name = "Skin"
bind_count = 49
bind/0/name = &"Ankle_L"
bind/0/bone = 0
bind/0/pose = Transform3D(-1.8441296e-14, 0.51997256, -0.85418296, 2.0019088e-14, -0.85418296, -0.51997256, -1, -2.6688932e-14, 5.3428657e-15, -0.060456403, 0.028399639, 0.114443004)
bind/1/name = &"Ankle_R"
bind/1/bone = 1
bind/1/pose = Transform3D(-3.778245e-15, -0.51997256, 0.85418296, -1.593653e-14, 0.85418296, 0.51997256, -1, -1.1648129e-14, -1.15138705e-14, 0.060456365, -0.028399646, -0.11444342)
bind/2/name = &"Ball_L"
bind/2/bone = 2
bind/2/pose = Transform3D(5.882574e-13, 0, -1, 2.2771014e-14, -1, 1.3395217e-26, -1, -2.2771014e-14, -5.882574e-13, 0.059512496, -0.0029797, 0.114443004)
bind/3/name = &"Ball_R"
bind/3/bone = 3
bind/3/pose = Transform3D(1.1929918e-13, 0, 1, -8.855044e-15, 1, 1.0563996e-27, -1, -8.855044e-15, 1.1929918e-13, -0.05951255, 0.002979743, -0.11444342)
bind/4/name = &"Clavicle_L"
bind/4/bone = 4
bind/4/pose = Transform3D(0.88285214, -0.012983371, -0.4694715, 0.011463363, 0.9999157, -0.0060958364, 0.4695111, -1.3418e-13, 0.8829266, -0.041317504, -1.3927602, -0.046918117)
bind/5/name = &"Clavicle_R"
bind/5/bone = 5
bind/5/pose = Transform3D(0.88285214, 0.012983371, 0.4694715, 0.011463363, -0.9999157, 0.0060958364, 0.4695111, 1.4090031e-13, -0.8829266, 0.041317433, 1.3927639, 0.046918083)
bind/6/name = &"Elbow_L"
bind/6/bone = 6
bind/6/pose = Transform3D(0.9974323, -9.305391e-15, 0.07161552, 1.2029221e-15, 1, 1.131816e-13, -0.07161552, -1.1280483e-13, 0.9974323, -0.52398604, -1.3609414, 0.09097074)
bind/7/name = &"Elbow_R"
bind/7/bone = 7
bind/7/pose = Transform3D(0.9974323, 8.309858e-15, -0.07161552, -9.005861e-16, -1, -1.2857734e-13, -0.07161552, 1.283117e-13, -0.9974323, 0.5239865, 1.36094, -0.09097075)
bind/8/name = &"Eyebrows"
bind/8/bone = 8
bind/8/pose = Transform3D(1, 9.354187e-15, -8.266602e-15, -9.354187e-15, 1, -2.5229818e-13, 8.266602e-15, 2.5229818e-13, 1, -9.978036e-15, -1.6967815, -0.117882565)
bind/9/name = &"Eyes"
bind/9/bone = 9
bind/9/pose = Transform3D(1, 9.354187e-15, -8.266602e-15, -9.354187e-15, 1, -2.5229818e-13, 8.266602e-15, 2.5229818e-13, 1, -9.980481e-15, -1.6635884, -0.117882565)
bind/10/name = &"Hand_L"
bind/10/bone = 10
bind/10/pose = Transform3D(1, -4.5211497e-15, -1.2809198e-14, 4.5211497e-15, 1, 1.132524e-13, 1.2809198e-14, -1.132524e-13, 1, -0.79963195, -1.3609414, 0.034173798)
bind/11/name = &"Finger_01_L"
bind/11/bone = 11
bind/11/pose = Transform3D(0.9897603, -0.11296662, -0.087253205, 0.1125302, 0.99359876, -0.009920201, 0.08781533, -1.1878692e-13, 0.9961368, -0.7424836, -1.4529583, -0.012237792)
bind/12/name = &"Finger_02_L"
bind/12/bone = 12
bind/12/pose = Transform3D(0.98672837, -0.15512934, -0.04797973, 0.15494627, 0.9878942, -0.0075342725, 0.048567683, -1.3731811e-13, 0.9988199, -0.7222102, -1.4849952, 0.024904007)
bind/13/name = &"Finger_03_L"
bind/13/bone = 13
bind/13/pose = Transform3D(0.9241558, -0.33495015, -0.18369678, 0.32852298, 0.9422358, -0.065301344, 0.19495837, -1.1855794e-13, 0.98081154, -0.4634136, -1.5970018, -0.11930308)
bind/14/name = &"Finger_04_L"
bind/14/bone = 14
bind/14/pose = Transform3D(1, 2.930939e-15, -1.3655743e-14, -2.930939e-15, 1, 1.203085e-13, 1.3655743e-14, -1.203085e-13, 1, -1.0039319, -1.3394725, 0.077916965)
bind/15/name = &"IndexFinger_01_L"
bind/15/bone = 15
bind/15/pose = Transform3D(0.991306, -0.008526258, 0.13130017, 0.008452439, 0.99996364, 0.0011195398, -0.13130493, -2.3294387e-13, 0.991342, -0.8831261, -1.3725082, 0.12602964)
bind/16/name = &"IndexFinger_02_L"
bind/16/bone = 16
bind/16/pose = Transform3D(0.9730307, -0.20407239, 0.10754389, 0.20283724, 0.9789558, 0.02241852, -0.10985572, -1.0185949e-13, 0.99394757, -0.6400183, -1.5273311, 0.105783165)
bind/17/name = &"IndexFinger_03_L"
bind/17/bone = 17
bind/17/pose = Transform3D(0.9478223, -0.31420887, 0.05390505, 0.31370196, 0.9493539, 0.017841024, -0.056780778, -1.1214987e-13, 0.9983867, -0.5036535, -1.5959225, 0.05370417)
bind/18/name = &"IndexFinger_04_L"
bind/18/bone = 18
bind/18/pose = Transform3D(1, -7.1505105e-14, -1.9220736e-15, 7.1505105e-14, 1, 1.216165e-13, 1.9220736e-15, -1.216165e-13, 1, -1.0168931, -1.3449663, -0.0040423325)
bind/19/name = &"Thumb_01_L"
bind/19/bone = 19
bind/19/pose = Transform3D(0.8312143, -0.18253398, 0.52513254, 0.15431745, 0.98319954, 0.09749245, -0.5341057, -9.44661e-14, 0.8454177, -0.4533079, -1.4564476, 0.43665725)
bind/20/name = &"Thumb_02_L"
bind/20/bone = 20
bind/20/pose = Transform3D(0.84797525, -0.4529146, 0.2753296, 0.43077636, 0.89155394, 0.13986905, -0.30881992, -1.0942636e-13, 0.95112056, -0.15915151, -1.5811592, 0.23197974)
bind/21/name = &"Thumb_03_L"
bind/21/bone = 21
bind/21/pose = Transform3D(1, -2.9963797e-14, -1.787459e-14, 2.9963797e-14, 1, 1.2492038e-13, 1.787459e-14, -1.2492038e-13, 1, -0.93576515, -1.3119465, -0.05993265)
bind/22/name = &"Hand_R"
bind/22/bone = 22
bind/22/pose = Transform3D(1, -2.9926756e-15, -9.464651e-15, -2.9926756e-15, -1, -1.2846424e-13, -9.464651e-15, 1.2846424e-13, -1, 0.799632, 1.36094, -0.034173798)
bind/23/name = &"Finger_01_R"
bind/23/bone = 23
bind/23/pose = Transform3D(0.9897603, 0.11296662, 0.087253205, 0.1125302, -0.99359876, 0.009920201, 0.08781533, 6.409456e-14, -0.9961368, 0.7424837, 1.4529566, 0.012237779)
bind/24/name = &"Finger_02_R"
bind/24/bone = 24
bind/24/pose = Transform3D(0.98672837, 0.15512934, 0.04797973, 0.15494627, -0.9878942, 0.0075342725, 0.048567683, 1.043202e-13, -0.9988199, 0.7222103, 1.4849931, -0.024903988)
bind/25/name = &"Finger_03_R"
bind/25/bone = 25
bind/25/pose = Transform3D(0.9241558, 0.33495015, 0.18369678, 0.32852298, -0.9422358, 0.065301344, 0.19495837, 1.11702314e-13, -0.98081154, 0.46341398, 1.597, 0.11930304)
bind/26/name = &"Finger_04_R"
bind/26/bone = 26
bind/26/pose = Transform3D(1, -4.6931622e-15, -8.770762e-15, -4.6931622e-15, -1, -1.1469748e-13, -8.770762e-15, 1.1469748e-13, -1, 1.00393, 1.33947, -0.077916995)
bind/27/name = &"IndexFinger_01_R"
bind/27/bone = 27
bind/27/pose = Transform3D(0.991306, 0.008526258, -0.13130017, 0.008452439, -0.99996364, -0.0011195398, -0.13130493, 6.436635e-13, -0.991342, 0.88312656, 1.3725097, -0.1260297)
bind/28/name = &"IndexFinger_02_R"
bind/28/bone = 28
bind/28/pose = Transform3D(0.9730307, 0.20407239, -0.10754389, 0.20283724, -0.9789558, -0.02241852, -0.10985572, 1.2818219e-13, -0.99394757, 0.6400182, 1.5273315, -0.105783165)
bind/29/name = &"IndexFinger_03_R"
bind/29/bone = 29
bind/29/pose = Transform3D(0.9478223, 0.31420887, -0.05390505, 0.31370196, -0.9493539, -0.017841024, -0.056780778, 9.762677e-14, -0.9983867, 0.50365406, 1.5959197, -0.05370415)
bind/30/name = &"IndexFinger_04_R"
bind/30/bone = 30
bind/30/pose = Transform3D(1, -3.9076408e-14, -1.0096091e-14, -3.9076408e-14, -1, -9.560165e-14, -1.0096091e-14, 9.560165e-14, -1, 1.01689, 1.34497, 0.0040423325)
bind/31/name = &"Thumb_01_R"
bind/31/bone = 31
bind/31/pose = Transform3D(0.8312143, 0.18253398, -0.52513254, 0.15431745, -0.98319954, -0.09749245, -0.5341057, 1.1386725e-13, -0.8454177, 0.45330837, 1.4564431, -0.43665704)
bind/32/name = &"Thumb_02_R"
bind/32/bone = 32
bind/32/pose = Transform3D(0.84797525, 0.4529146, -0.2753296, 0.43077636, -0.89155394, -0.13986905, -0.30881992, 1.1061985e-13, -0.95112056, 0.15915042, 1.5811625, -0.23197985)
bind/33/name = &"Thumb_03_R"
bind/33/bone = 33
bind/33/pose = Transform3D(1, 1.2245063e-14, -5.2180482e-15, 1.2245063e-14, -1, -1.3379331e-13, -5.2180482e-15, 1.3379331e-13, -1, 0.935765, 1.31195, 0.0599327)
bind/34/name = &"Head"
bind/34/bone = 34
bind/34/pose = Transform3D(1, 9.354187e-15, -8.266602e-15, -9.354187e-15, 1, -2.5229818e-13, 8.266602e-15, 2.5229818e-13, 1, -9.9774925e-15, -1.5691124, 0.004839581)
bind/35/name = &"Hips"
bind/35/bone = 35
bind/35/pose = Transform3D(-5.428259e-15, 0.988775, -0.14941198, 5.7798517e-15, 0.14941198, 0.988775, 1, 4.503748e-15, -6.52602e-15, -0.86643994, -0.13092613, -3.946527e-15)
bind/36/name = &"LowerLeg_L"
bind/36/bone = 36
bind/36/pose = Transform3D(-0.007429537, 0.9990258, 0.043499537, -0.1681938, -0.044129442, 0.98476565, 0.98572594, 1.0219256e-14, 0.16835782, -0.4303089, 0.05801854, -0.10660229)
bind/37/name = &"LowerLeg_R"
bind/37/bone = 37
bind/37/pose = Transform3D(-0.007429537, -0.9990258, -0.043499537, -0.1681938, 0.044129442, -0.98476565, 0.98572594, 3.5888827e-14, -0.16835782, 0.43030918, -0.058018442, 0.106601864)
bind/38/name = &"Neck"
bind/38/bone = 38
bind/38/pose = Transform3D(-7.612428e-15, 0.9873026, 0.15885064, -9.723718e-15, 0.15885064, -0.9873026, -1, -9.060389e-15, 8.391013e-15, -1.4267757, -0.2540326, 9.458131e-15)
bind/39/name = &"Root"
bind/39/bone = 39
bind/39/pose = Transform3D(1, 0, 0, 0, 1, 0, 0, 0, 1, 0, 0, 0)
bind/40/name = &"Shoulder_L"
bind/40/bone = 40
bind/40/pose = Transform3D(0.9965419, -0.082502045, -0.009880536, 0.08249799, 0.9965909, -0.00081795297, 0.009914336, -1.1315395e-13, 0.9999508, -0.07609697, -1.4014487, 0.046526518)
bind/41/name = &"Shoulder_R"
bind/41/bone = 41
bind/41/pose = Transform3D(0.9965419, 0.082502045, 0.009880536, 0.08249799, -0.9965909, 0.00081795297, 0.009914336, 1.283549e-13, -0.9999508, 0.07609697, 1.4014459, -0.04652649)
bind/42/name = &"Spine_01"
bind/42/bone = 42
bind/42/pose = Transform3D(-6.813721e-15, 0.9987644, 0.049695503, -6.839556e-15, 0.049695503, -0.9987644, -1, -7.145197e-15, 6.492494e-15, -0.9770607, -0.06416358, 6.5885607e-15)
bind/43/name = &"Spine_02"
bind/43/bone = 43
bind/43/pose = Transform3D(-9.38492e-15, 0.9892728, -0.14608012, 6.3245125e-15, 0.14608012, 0.9892728, 1, 8.36036e-15, -7.627618e-15, -1.1488332, -0.16306244, -8.07223e-15)
bind/44/name = &"Spine_03"
bind/44/bone = 44
bind/44/pose = Transform3D(-5.916827e-15, 0.9971107, 0.07596221, -8.949685e-15, 0.07596221, -0.9971107, -1, -6.5795694e-15, 8.4743715e-15, -1.3311008, -0.13416325, 5.814892e-15)
bind/45/name = &"Toes_L"
bind/45/bone = 45
bind/45/pose = Transform3D(1, 2.5626535e-15, -1.7489282e-14, 2.5626535e-15, -1, 1.8619584e-13, -1.7489282e-14, -1.8619584e-13, -1, -0.114443004, -0.0029797, 0.13247)
bind/46/name = &"Toes_R"
bind/46/bone = 46
bind/46/pose = Transform3D(1, 8.525387e-15, 1.3488942e-14, -8.525387e-15, 1, 1.7202612e-13, -1.3488942e-14, -1.7202612e-13, 1, 0.11444342, 0.002979743, -0.13247012)
bind/47/name = &"UpperLeg_L"
bind/47/bone = 47
bind/47/pose = Transform3D(-0.031741116, 0.9994961, 9.154799e-14, -0.9994961, -0.031741116, -3.2228913e-15, -3.1543218e-16, -9.160416e-14, 1, -0.8279977, 0.12531182, 0.0204691)
bind/48/name = &"UpperLeg_R"
bind/48/bone = 48
bind/48/pose = Transform3D(-0.031741116, -0.9994961, -1.3057989e-13, -0.9994961, 0.031741116, 1.21128735e-14, -7.962019e-15, 1.3089856e-13, -1, 0.8279978, -0.12531178, -0.020469064)

[sub_resource type="Skin" id="Skin_4vs3a"]
resource_name = "Skin"
bind_count = 49
bind/0/name = &"Ankle_L"
bind/0/bone = 0
bind/0/pose = Transform3D(-1.8441296e-14, 0.51997256, -0.85418296, 2.0019088e-14, -0.85418296, -0.51997256, -1, -2.6688932e-14, 5.3428657e-15, -0.060456403, 0.028399639, 0.114443004)
bind/1/name = &"Ankle_R"
bind/1/bone = 1
bind/1/pose = Transform3D(-3.778245e-15, -0.51997256, 0.85418296, -1.593653e-14, 0.85418296, 0.51997256, -1, -1.1648129e-14, -1.15138705e-14, 0.060456365, -0.028399646, -0.11444342)
bind/2/name = &"Ball_L"
bind/2/bone = 2
bind/2/pose = Transform3D(5.882574e-13, 0, -1, 2.2771014e-14, -1, 1.3395217e-26, -1, -2.2771014e-14, -5.882574e-13, 0.059512496, -0.0029797, 0.114443004)
bind/3/name = &"Ball_R"
bind/3/bone = 3
bind/3/pose = Transform3D(1.1929918e-13, 0, 1, -8.855044e-15, 1, 1.0563996e-27, -1, -8.855044e-15, 1.1929918e-13, -0.05951255, 0.002979743, -0.11444342)
bind/4/name = &"Clavicle_L"
bind/4/bone = 4
bind/4/pose = Transform3D(0.88285214, -0.012983371, -0.4694715, 0.011463363, 0.9999157, -0.0060958364, 0.4695111, -1.3418e-13, 0.8829266, -0.041317504, -1.3927602, -0.046918117)
bind/5/name = &"Clavicle_R"
bind/5/bone = 5
bind/5/pose = Transform3D(0.88285214, 0.012983371, 0.4694715, 0.011463363, -0.9999157, 0.0060958364, 0.4695111, 1.4090031e-13, -0.8829266, 0.041317433, 1.3927639, 0.046918083)
bind/6/name = &"Elbow_L"
bind/6/bone = 6
bind/6/pose = Transform3D(0.9974323, -9.305391e-15, 0.07161552, 1.2029221e-15, 1, 1.131816e-13, -0.07161552, -1.1280483e-13, 0.9974323, -0.52398604, -1.3609414, 0.09097074)
bind/7/name = &"Elbow_R"
bind/7/bone = 7
bind/7/pose = Transform3D(0.9974323, 8.309858e-15, -0.07161552, -9.005861e-16, -1, -1.2857734e-13, -0.07161552, 1.283117e-13, -0.9974323, 0.5239865, 1.36094, -0.09097075)
bind/8/name = &"Eyebrows"
bind/8/bone = 8
bind/8/pose = Transform3D(1, 9.354187e-15, -8.266602e-15, -9.354187e-15, 1, -2.5229818e-13, 8.266602e-15, 2.5229818e-13, 1, -9.978036e-15, -1.6967815, -0.117882565)
bind/9/name = &"Eyes"
bind/9/bone = 9
bind/9/pose = Transform3D(1, 9.354187e-15, -8.266602e-15, -9.354187e-15, 1, -2.5229818e-13, 8.266602e-15, 2.5229818e-13, 1, -9.980481e-15, -1.6635884, -0.117882565)
bind/10/name = &"Hand_L"
bind/10/bone = 10
bind/10/pose = Transform3D(1, -4.5211497e-15, -1.2809198e-14, 4.5211497e-15, 1, 1.132524e-13, 1.2809198e-14, -1.132524e-13, 1, -0.79963195, -1.3609414, 0.034173798)
bind/11/name = &"Finger_01_L"
bind/11/bone = 11
bind/11/pose = Transform3D(0.9897603, -0.11296662, -0.087253205, 0.1125302, 0.99359876, -0.009920201, 0.08781533, -1.1878692e-13, 0.9961368, -0.7424836, -1.4529583, -0.012237792)
bind/12/name = &"Finger_02_L"
bind/12/bone = 12
bind/12/pose = Transform3D(0.98672837, -0.15512934, -0.04797973, 0.15494627, 0.9878942, -0.0075342725, 0.048567683, -1.3731811e-13, 0.9988199, -0.7222102, -1.4849952, 0.024904007)
bind/13/name = &"Finger_03_L"
bind/13/bone = 13
bind/13/pose = Transform3D(0.9241558, -0.33495015, -0.18369678, 0.32852298, 0.9422358, -0.065301344, 0.19495837, -1.1855794e-13, 0.98081154, -0.4634136, -1.5970018, -0.11930308)
bind/14/name = &"Finger_04_L"
bind/14/bone = 14
bind/14/pose = Transform3D(1, 2.930939e-15, -1.3655743e-14, -2.930939e-15, 1, 1.203085e-13, 1.3655743e-14, -1.203085e-13, 1, -1.0039319, -1.3394725, 0.077916965)
bind/15/name = &"IndexFinger_01_L"
bind/15/bone = 15
bind/15/pose = Transform3D(0.991306, -0.008526258, 0.13130017, 0.008452439, 0.99996364, 0.0011195398, -0.13130493, -2.3294387e-13, 0.991342, -0.8831261, -1.3725082, 0.12602964)
bind/16/name = &"IndexFinger_02_L"
bind/16/bone = 16
bind/16/pose = Transform3D(0.9730307, -0.20407239, 0.10754389, 0.20283724, 0.9789558, 0.02241852, -0.10985572, -1.0185949e-13, 0.99394757, -0.6400183, -1.5273311, 0.105783165)
bind/17/name = &"IndexFinger_03_L"
bind/17/bone = 17
bind/17/pose = Transform3D(0.9478223, -0.31420887, 0.05390505, 0.31370196, 0.9493539, 0.017841024, -0.056780778, -1.1214987e-13, 0.9983867, -0.5036535, -1.5959225, 0.05370417)
bind/18/name = &"IndexFinger_04_L"
bind/18/bone = 18
bind/18/pose = Transform3D(1, -7.1505105e-14, -1.9220736e-15, 7.1505105e-14, 1, 1.216165e-13, 1.9220736e-15, -1.216165e-13, 1, -1.0168931, -1.3449663, -0.0040423325)
bind/19/name = &"Thumb_01_L"
bind/19/bone = 19
bind/19/pose = Transform3D(0.8312143, -0.18253398, 0.52513254, 0.15431745, 0.98319954, 0.09749245, -0.5341057, -9.44661e-14, 0.8454177, -0.4533079, -1.4564476, 0.43665725)
bind/20/name = &"Thumb_02_L"
bind/20/bone = 20
bind/20/pose = Transform3D(0.84797525, -0.4529146, 0.2753296, 0.43077636, 0.89155394, 0.13986905, -0.30881992, -1.0942636e-13, 0.95112056, -0.15915151, -1.5811592, 0.23197974)
bind/21/name = &"Thumb_03_L"
bind/21/bone = 21
bind/21/pose = Transform3D(1, -2.9963797e-14, -1.787459e-14, 2.9963797e-14, 1, 1.2492038e-13, 1.787459e-14, -1.2492038e-13, 1, -0.93576515, -1.3119465, -0.05993265)
bind/22/name = &"Hand_R"
bind/22/bone = 22
bind/22/pose = Transform3D(1, -2.9926756e-15, -9.464651e-15, -2.9926756e-15, -1, -1.2846424e-13, -9.464651e-15, 1.2846424e-13, -1, 0.799632, 1.36094, -0.034173798)
bind/23/name = &"Finger_01_R"
bind/23/bone = 23
bind/23/pose = Transform3D(0.9897603, 0.11296662, 0.087253205, 0.1125302, -0.99359876, 0.009920201, 0.08781533, 6.409456e-14, -0.9961368, 0.7424837, 1.4529566, 0.012237779)
bind/24/name = &"Finger_02_R"
bind/24/bone = 24
bind/24/pose = Transform3D(0.98672837, 0.15512934, 0.04797973, 0.15494627, -0.9878942, 0.0075342725, 0.048567683, 1.043202e-13, -0.9988199, 0.7222103, 1.4849931, -0.024903988)
bind/25/name = &"Finger_03_R"
bind/25/bone = 25
bind/25/pose = Transform3D(0.9241558, 0.33495015, 0.18369678, 0.32852298, -0.9422358, 0.065301344, 0.19495837, 1.11702314e-13, -0.98081154, 0.46341398, 1.597, 0.11930304)
bind/26/name = &"Finger_04_R"
bind/26/bone = 26
bind/26/pose = Transform3D(1, -4.6931622e-15, -8.770762e-15, -4.6931622e-15, -1, -1.1469748e-13, -8.770762e-15, 1.1469748e-13, -1, 1.00393, 1.33947, -0.077916995)
bind/27/name = &"IndexFinger_01_R"
bind/27/bone = 27
bind/27/pose = Transform3D(0.991306, 0.008526258, -0.13130017, 0.008452439, -0.99996364, -0.0011195398, -0.13130493, 6.436635e-13, -0.991342, 0.88312656, 1.3725097, -0.1260297)
bind/28/name = &"IndexFinger_02_R"
bind/28/bone = 28
bind/28/pose = Transform3D(0.9730307, 0.20407239, -0.10754389, 0.20283724, -0.9789558, -0.02241852, -0.10985572, 1.2818219e-13, -0.99394757, 0.6400182, 1.5273315, -0.105783165)
bind/29/name = &"IndexFinger_03_R"
bind/29/bone = 29
bind/29/pose = Transform3D(0.9478223, 0.31420887, -0.05390505, 0.31370196, -0.9493539, -0.017841024, -0.056780778, 9.762677e-14, -0.9983867, 0.50365406, 1.5959197, -0.05370415)
bind/30/name = &"IndexFinger_04_R"
bind/30/bone = 30
bind/30/pose = Transform3D(1, -3.9076408e-14, -1.0096091e-14, -3.9076408e-14, -1, -9.560165e-14, -1.0096091e-14, 9.560165e-14, -1, 1.01689, 1.34497, 0.0040423325)
bind/31/name = &"Thumb_01_R"
bind/31/bone = 31
bind/31/pose = Transform3D(0.8312143, 0.18253398, -0.52513254, 0.15431745, -0.98319954, -0.09749245, -0.5341057, 1.1386725e-13, -0.8454177, 0.45330837, 1.4564431, -0.43665704)
bind/32/name = &"Thumb_02_R"
bind/32/bone = 32
bind/32/pose = Transform3D(0.84797525, 0.4529146, -0.2753296, 0.43077636, -0.89155394, -0.13986905, -0.30881992, 1.1061985e-13, -0.95112056, 0.15915042, 1.5811625, -0.23197985)
bind/33/name = &"Thumb_03_R"
bind/33/bone = 33
bind/33/pose = Transform3D(1, 1.2245063e-14, -5.2180482e-15, 1.2245063e-14, -1, -1.3379331e-13, -5.2180482e-15, 1.3379331e-13, -1, 0.935765, 1.31195, 0.0599327)
bind/34/name = &"Head"
bind/34/bone = 34
bind/34/pose = Transform3D(1, 9.354187e-15, -8.266602e-15, -9.354187e-15, 1, -2.5229818e-13, 8.266602e-15, 2.5229818e-13, 1, -9.9774925e-15, -1.5691124, 0.004839581)
bind/35/name = &"Hips"
bind/35/bone = 35
bind/35/pose = Transform3D(-5.428259e-15, 0.988775, -0.14941198, 5.7798517e-15, 0.14941198, 0.988775, 1, 4.503748e-15, -6.52602e-15, -0.86643994, -0.13092613, -3.946527e-15)
bind/36/name = &"LowerLeg_L"
bind/36/bone = 36
bind/36/pose = Transform3D(-0.007429537, 0.9990258, 0.043499537, -0.1681938, -0.044129442, 0.98476565, 0.98572594, 1.0219256e-14, 0.16835782, -0.4303089, 0.05801854, -0.10660229)
bind/37/name = &"LowerLeg_R"
bind/37/bone = 37
bind/37/pose = Transform3D(-0.007429537, -0.9990258, -0.043499537, -0.1681938, 0.044129442, -0.98476565, 0.98572594, 3.5888827e-14, -0.16835782, 0.43030918, -0.058018442, 0.106601864)
bind/38/name = &"Neck"
bind/38/bone = 38
bind/38/pose = Transform3D(-7.612428e-15, 0.9873026, 0.15885064, -9.723718e-15, 0.15885064, -0.9873026, -1, -9.060389e-15, 8.391013e-15, -1.4267757, -0.2540326, 9.458131e-15)
bind/39/name = &"Root"
bind/39/bone = 39
bind/39/pose = Transform3D(1, 0, 0, 0, 1, 0, 0, 0, 1, 0, 0, 0)
bind/40/name = &"Shoulder_L"
bind/40/bone = 40
bind/40/pose = Transform3D(0.9965419, -0.082502045, -0.009880536, 0.08249799, 0.9965909, -0.00081795297, 0.009914336, -1.1315395e-13, 0.9999508, -0.07609697, -1.4014487, 0.046526518)
bind/41/name = &"Shoulder_R"
bind/41/bone = 41
bind/41/pose = Transform3D(0.9965419, 0.082502045, 0.009880536, 0.08249799, -0.9965909, 0.00081795297, 0.009914336, 1.283549e-13, -0.9999508, 0.07609697, 1.4014459, -0.04652649)
bind/42/name = &"Spine_01"
bind/42/bone = 42
bind/42/pose = Transform3D(-6.813721e-15, 0.9987644, 0.049695503, -6.839556e-15, 0.049695503, -0.9987644, -1, -7.145197e-15, 6.492494e-15, -0.9770607, -0.06416358, 6.5885607e-15)
bind/43/name = &"Spine_02"
bind/43/bone = 43
bind/43/pose = Transform3D(-9.38492e-15, 0.9892728, -0.14608012, 6.3245125e-15, 0.14608012, 0.9892728, 1, 8.36036e-15, -7.627618e-15, -1.1488332, -0.16306244, -8.07223e-15)
bind/44/name = &"Spine_03"
bind/44/bone = 44
bind/44/pose = Transform3D(-5.916827e-15, 0.9971107, 0.07596221, -8.949685e-15, 0.07596221, -0.9971107, -1, -6.5795694e-15, 8.4743715e-15, -1.3311008, -0.13416325, 5.814892e-15)
bind/45/name = &"Toes_L"
bind/45/bone = 45
bind/45/pose = Transform3D(1, 2.5626535e-15, -1.7489282e-14, 2.5626535e-15, -1, 1.8619584e-13, -1.7489282e-14, -1.8619584e-13, -1, -0.114443004, -0.0029797, 0.13247)
bind/46/name = &"Toes_R"
bind/46/bone = 46
bind/46/pose = Transform3D(1, 8.525387e-15, 1.3488942e-14, -8.525387e-15, 1, 1.7202612e-13, -1.3488942e-14, -1.7202612e-13, 1, 0.11444342, 0.002979743, -0.13247012)
bind/47/name = &"UpperLeg_L"
bind/47/bone = 47
bind/47/pose = Transform3D(-0.031741116, 0.9994961, 9.154799e-14, -0.9994961, -0.031741116, -3.2228913e-15, -3.1543218e-16, -9.160416e-14, 1, -0.8279977, 0.12531182, 0.0204691)
bind/48/name = &"UpperLeg_R"
bind/48/bone = 48
bind/48/pose = Transform3D(-0.031741116, -0.9994961, -1.3057989e-13, -0.9994961, 0.031741116, 1.21128735e-14, -7.962019e-15, 1.3089856e-13, -1, 0.8279978, -0.12531178, -0.020469064)

[sub_resource type="Skin" id="Skin_6ipfw"]
resource_name = "Skin"
bind_count = 49
bind/0/name = &"Ankle_L"
bind/0/bone = 0
bind/0/pose = Transform3D(-1.8441296e-14, 0.51997256, -0.85418296, 2.0019088e-14, -0.85418296, -0.51997256, -1, -2.6688932e-14, 5.3428657e-15, -0.060456403, 0.028399639, 0.114443004)
bind/1/name = &"Ankle_R"
bind/1/bone = 1
bind/1/pose = Transform3D(-3.778245e-15, -0.51997256, 0.85418296, -1.593653e-14, 0.85418296, 0.51997256, -1, -1.1648129e-14, -1.15138705e-14, 0.060456365, -0.028399646, -0.11444342)
bind/2/name = &"Ball_L"
bind/2/bone = 2
bind/2/pose = Transform3D(5.882574e-13, 0, -1, 2.2771014e-14, -1, 1.3395217e-26, -1, -2.2771014e-14, -5.882574e-13, 0.059512496, -0.0029797, 0.114443004)
bind/3/name = &"Ball_R"
bind/3/bone = 3
bind/3/pose = Transform3D(1.1929918e-13, 0, 1, -8.855044e-15, 1, 1.0563996e-27, -1, -8.855044e-15, 1.1929918e-13, -0.05951255, 0.002979743, -0.11444342)
bind/4/name = &"Clavicle_L"
bind/4/bone = 4
bind/4/pose = Transform3D(0.88285214, -0.012983371, -0.4694715, 0.011463363, 0.9999157, -0.0060958364, 0.4695111, -1.3418e-13, 0.8829266, -0.041317504, -1.3927602, -0.046918117)
bind/5/name = &"Clavicle_R"
bind/5/bone = 5
bind/5/pose = Transform3D(0.88285214, 0.012983371, 0.4694715, 0.011463363, -0.9999157, 0.0060958364, 0.4695111, 1.4090031e-13, -0.8829266, 0.041317433, 1.3927639, 0.046918083)
bind/6/name = &"Elbow_L"
bind/6/bone = 6
bind/6/pose = Transform3D(0.9974323, -9.305391e-15, 0.07161552, 1.2029221e-15, 1, 1.131816e-13, -0.07161552, -1.1280483e-13, 0.9974323, -0.52398604, -1.3609414, 0.09097074)
bind/7/name = &"Elbow_R"
bind/7/bone = 7
bind/7/pose = Transform3D(0.9974323, 8.309858e-15, -0.07161552, -9.005861e-16, -1, -1.2857734e-13, -0.07161552, 1.283117e-13, -0.9974323, 0.5239865, 1.36094, -0.09097075)
bind/8/name = &"Eyebrows"
bind/8/bone = 8
bind/8/pose = Transform3D(1, 9.354187e-15, -8.266602e-15, -9.354187e-15, 1, -2.5229818e-13, 8.266602e-15, 2.5229818e-13, 1, -9.978036e-15, -1.6967815, -0.117882565)
bind/9/name = &"Eyes"
bind/9/bone = 9
bind/9/pose = Transform3D(1, 9.354187e-15, -8.266602e-15, -9.354187e-15, 1, -2.5229818e-13, 8.266602e-15, 2.5229818e-13, 1, -9.980481e-15, -1.6635884, -0.117882565)
bind/10/name = &"Hand_L"
bind/10/bone = 10
bind/10/pose = Transform3D(1, -4.5211497e-15, -1.2809198e-14, 4.5211497e-15, 1, 1.132524e-13, 1.2809198e-14, -1.132524e-13, 1, -0.79963195, -1.3609414, 0.034173798)
bind/11/name = &"Finger_01_L"
bind/11/bone = 11
bind/11/pose = Transform3D(0.9897603, -0.11296662, -0.087253205, 0.1125302, 0.99359876, -0.009920201, 0.08781533, -1.1878692e-13, 0.9961368, -0.7424836, -1.4529583, -0.012237792)
bind/12/name = &"Finger_02_L"
bind/12/bone = 12
bind/12/pose = Transform3D(0.98672837, -0.15512934, -0.04797973, 0.15494627, 0.9878942, -0.0075342725, 0.048567683, -1.3731811e-13, 0.9988199, -0.7222102, -1.4849952, 0.024904007)
bind/13/name = &"Finger_03_L"
bind/13/bone = 13
bind/13/pose = Transform3D(0.9241558, -0.33495015, -0.18369678, 0.32852298, 0.9422358, -0.065301344, 0.19495837, -1.1855794e-13, 0.98081154, -0.4634136, -1.5970018, -0.11930308)
bind/14/name = &"Finger_04_L"
bind/14/bone = 14
bind/14/pose = Transform3D(1, 2.930939e-15, -1.3655743e-14, -2.930939e-15, 1, 1.203085e-13, 1.3655743e-14, -1.203085e-13, 1, -1.0039319, -1.3394725, 0.077916965)
bind/15/name = &"IndexFinger_01_L"
bind/15/bone = 15
bind/15/pose = Transform3D(0.991306, -0.008526258, 0.13130017, 0.008452439, 0.99996364, 0.0011195398, -0.13130493, -2.3294387e-13, 0.991342, -0.8831261, -1.3725082, 0.12602964)
bind/16/name = &"IndexFinger_02_L"
bind/16/bone = 16
bind/16/pose = Transform3D(0.9730307, -0.20407239, 0.10754389, 0.20283724, 0.9789558, 0.02241852, -0.10985572, -1.0185949e-13, 0.99394757, -0.6400183, -1.5273311, 0.105783165)
bind/17/name = &"IndexFinger_03_L"
bind/17/bone = 17
bind/17/pose = Transform3D(0.9478223, -0.31420887, 0.05390505, 0.31370196, 0.9493539, 0.017841024, -0.056780778, -1.1214987e-13, 0.9983867, -0.5036535, -1.5959225, 0.05370417)
bind/18/name = &"IndexFinger_04_L"
bind/18/bone = 18
bind/18/pose = Transform3D(1, -7.1505105e-14, -1.9220736e-15, 7.1505105e-14, 1, 1.216165e-13, 1.9220736e-15, -1.216165e-13, 1, -1.0168931, -1.3449663, -0.0040423325)
bind/19/name = &"Thumb_01_L"
bind/19/bone = 19
bind/19/pose = Transform3D(0.8312143, -0.18253398, 0.52513254, 0.15431745, 0.98319954, 0.09749245, -0.5341057, -9.44661e-14, 0.8454177, -0.4533079, -1.4564476, 0.43665725)
bind/20/name = &"Thumb_02_L"
bind/20/bone = 20
bind/20/pose = Transform3D(0.84797525, -0.4529146, 0.2753296, 0.43077636, 0.89155394, 0.13986905, -0.30881992, -1.0942636e-13, 0.95112056, -0.15915151, -1.5811592, 0.23197974)
bind/21/name = &"Thumb_03_L"
bind/21/bone = 21
bind/21/pose = Transform3D(1, -2.9963797e-14, -1.787459e-14, 2.9963797e-14, 1, 1.2492038e-13, 1.787459e-14, -1.2492038e-13, 1, -0.93576515, -1.3119465, -0.05993265)
bind/22/name = &"Hand_R"
bind/22/bone = 22
bind/22/pose = Transform3D(1, -2.9926756e-15, -9.464651e-15, -2.9926756e-15, -1, -1.2846424e-13, -9.464651e-15, 1.2846424e-13, -1, 0.799632, 1.36094, -0.034173798)
bind/23/name = &"Finger_01_R"
bind/23/bone = 23
bind/23/pose = Transform3D(0.9897603, 0.11296662, 0.087253205, 0.1125302, -0.99359876, 0.009920201, 0.08781533, 6.409456e-14, -0.9961368, 0.7424837, 1.4529566, 0.012237779)
bind/24/name = &"Finger_02_R"
bind/24/bone = 24
bind/24/pose = Transform3D(0.98672837, 0.15512934, 0.04797973, 0.15494627, -0.9878942, 0.0075342725, 0.048567683, 1.043202e-13, -0.9988199, 0.7222103, 1.4849931, -0.024903988)
bind/25/name = &"Finger_03_R"
bind/25/bone = 25
bind/25/pose = Transform3D(0.9241558, 0.33495015, 0.18369678, 0.32852298, -0.9422358, 0.065301344, 0.19495837, 1.11702314e-13, -0.98081154, 0.46341398, 1.597, 0.11930304)
bind/26/name = &"Finger_04_R"
bind/26/bone = 26
bind/26/pose = Transform3D(1, -4.6931622e-15, -8.770762e-15, -4.6931622e-15, -1, -1.1469748e-13, -8.770762e-15, 1.1469748e-13, -1, 1.00393, 1.33947, -0.077916995)
bind/27/name = &"IndexFinger_01_R"
bind/27/bone = 27
bind/27/pose = Transform3D(0.991306, 0.008526258, -0.13130017, 0.008452439, -0.99996364, -0.0011195398, -0.13130493, 6.436635e-13, -0.991342, 0.88312656, 1.3725097, -0.1260297)
bind/28/name = &"IndexFinger_02_R"
bind/28/bone = 28
bind/28/pose = Transform3D(0.9730307, 0.20407239, -0.10754389, 0.20283724, -0.9789558, -0.02241852, -0.10985572, 1.2818219e-13, -0.99394757, 0.6400182, 1.5273315, -0.105783165)
bind/29/name = &"IndexFinger_03_R"
bind/29/bone = 29
bind/29/pose = Transform3D(0.9478223, 0.31420887, -0.05390505, 0.31370196, -0.9493539, -0.017841024, -0.056780778, 9.762677e-14, -0.9983867, 0.50365406, 1.5959197, -0.05370415)
bind/30/name = &"IndexFinger_04_R"
bind/30/bone = 30
bind/30/pose = Transform3D(1, -3.9076408e-14, -1.0096091e-14, -3.9076408e-14, -1, -9.560165e-14, -1.0096091e-14, 9.560165e-14, -1, 1.01689, 1.34497, 0.0040423325)
bind/31/name = &"Thumb_01_R"
bind/31/bone = 31
bind/31/pose = Transform3D(0.8312143, 0.18253398, -0.52513254, 0.15431745, -0.98319954, -0.09749245, -0.5341057, 1.1386725e-13, -0.8454177, 0.45330837, 1.4564431, -0.43665704)
bind/32/name = &"Thumb_02_R"
bind/32/bone = 32
bind/32/pose = Transform3D(0.84797525, 0.4529146, -0.2753296, 0.43077636, -0.89155394, -0.13986905, -0.30881992, 1.1061985e-13, -0.95112056, 0.15915042, 1.5811625, -0.23197985)
bind/33/name = &"Thumb_03_R"
bind/33/bone = 33
bind/33/pose = Transform3D(1, 1.2245063e-14, -5.2180482e-15, 1.2245063e-14, -1, -1.3379331e-13, -5.2180482e-15, 1.3379331e-13, -1, 0.935765, 1.31195, 0.0599327)
bind/34/name = &"Head"
bind/34/bone = 34
bind/34/pose = Transform3D(1, 9.354187e-15, -8.266602e-15, -9.354187e-15, 1, -2.5229818e-13, 8.266602e-15, 2.5229818e-13, 1, -9.9774925e-15, -1.5691124, 0.004839581)
bind/35/name = &"Hips"
bind/35/bone = 35
bind/35/pose = Transform3D(-5.428259e-15, 0.988775, -0.14941198, 5.7798517e-15, 0.14941198, 0.988775, 1, 4.503748e-15, -6.52602e-15, -0.86643994, -0.13092613, -3.946527e-15)
bind/36/name = &"LowerLeg_L"
bind/36/bone = 36
bind/36/pose = Transform3D(-0.007429537, 0.9990258, 0.043499537, -0.1681938, -0.044129442, 0.98476565, 0.98572594, 1.0219256e-14, 0.16835782, -0.4303089, 0.05801854, -0.10660229)
bind/37/name = &"LowerLeg_R"
bind/37/bone = 37
bind/37/pose = Transform3D(-0.007429537, -0.9990258, -0.043499537, -0.1681938, 0.044129442, -0.98476565, 0.98572594, 3.5888827e-14, -0.16835782, 0.43030918, -0.058018442, 0.106601864)
bind/38/name = &"Neck"
bind/38/bone = 38
bind/38/pose = Transform3D(-7.612428e-15, 0.9873026, 0.15885064, -9.723718e-15, 0.15885064, -0.9873026, -1, -9.060389e-15, 8.391013e-15, -1.4267757, -0.2540326, 9.458131e-15)
bind/39/name = &"Root"
bind/39/bone = 39
bind/39/pose = Transform3D(1, 0, 0, 0, 1, 0, 0, 0, 1, 0, 0, 0)
bind/40/name = &"Shoulder_L"
bind/40/bone = 40
bind/40/pose = Transform3D(0.9965419, -0.082502045, -0.009880536, 0.08249799, 0.9965909, -0.00081795297, 0.009914336, -1.1315395e-13, 0.9999508, -0.07609697, -1.4014487, 0.046526518)
bind/41/name = &"Shoulder_R"
bind/41/bone = 41
bind/41/pose = Transform3D(0.9965419, 0.082502045, 0.009880536, 0.08249799, -0.9965909, 0.00081795297, 0.009914336, 1.283549e-13, -0.9999508, 0.07609697, 1.4014459, -0.04652649)
bind/42/name = &"Spine_01"
bind/42/bone = 42
bind/42/pose = Transform3D(-6.813721e-15, 0.9987644, 0.049695503, -6.839556e-15, 0.049695503, -0.9987644, -1, -7.145197e-15, 6.492494e-15, -0.9770607, -0.06416358, 6.5885607e-15)
bind/43/name = &"Spine_02"
bind/43/bone = 43
bind/43/pose = Transform3D(-9.38492e-15, 0.9892728, -0.14608012, 6.3245125e-15, 0.14608012, 0.9892728, 1, 8.36036e-15, -7.627618e-15, -1.1488332, -0.16306244, -8.07223e-15)
bind/44/name = &"Spine_03"
bind/44/bone = 44
bind/44/pose = Transform3D(-5.916827e-15, 0.9971107, 0.07596221, -8.949685e-15, 0.07596221, -0.9971107, -1, -6.5795694e-15, 8.4743715e-15, -1.3311008, -0.13416325, 5.814892e-15)
bind/45/name = &"Toes_L"
bind/45/bone = 45
bind/45/pose = Transform3D(1, 2.5626535e-15, -1.7489282e-14, 2.5626535e-15, -1, 1.8619584e-13, -1.7489282e-14, -1.8619584e-13, -1, -0.114443004, -0.0029797, 0.13247)
bind/46/name = &"Toes_R"
bind/46/bone = 46
bind/46/pose = Transform3D(1, 8.525387e-15, 1.3488942e-14, -8.525387e-15, 1, 1.7202612e-13, -1.3488942e-14, -1.7202612e-13, 1, 0.11444342, 0.002979743, -0.13247012)
bind/47/name = &"UpperLeg_L"
bind/47/bone = 47
bind/47/pose = Transform3D(-0.031741116, 0.9994961, 9.154799e-14, -0.9994961, -0.031741116, -3.2228913e-15, -3.1543218e-16, -9.160416e-14, 1, -0.8279977, 0.12531182, 0.0204691)
bind/48/name = &"UpperLeg_R"
bind/48/bone = 48
bind/48/pose = Transform3D(-0.031741116, -0.9994961, -1.3057989e-13, -0.9994961, 0.031741116, 1.21128735e-14, -7.962019e-15, 1.3089856e-13, -1, 0.8279978, -0.12531178, -0.020469064)

[sub_resource type="Skin" id="Skin_ct32y"]
resource_name = "Skin"
bind_count = 49
bind/0/name = &"Ankle_L"
bind/0/bone = 0
bind/0/pose = Transform3D(-1.8441296e-14, 0.51997256, -0.85418296, 2.0019088e-14, -0.85418296, -0.51997256, -1, -2.6688932e-14, 5.3428657e-15, -0.060456403, 0.028399639, 0.114443004)
bind/1/name = &"Ankle_R"
bind/1/bone = 1
bind/1/pose = Transform3D(-3.778245e-15, -0.51997256, 0.85418296, -1.593653e-14, 0.85418296, 0.51997256, -1, -1.1648129e-14, -1.15138705e-14, 0.060456365, -0.028399646, -0.11444342)
bind/2/name = &"Ball_L"
bind/2/bone = 2
bind/2/pose = Transform3D(5.882574e-13, 0, -1, 2.2771014e-14, -1, 1.3395217e-26, -1, -2.2771014e-14, -5.882574e-13, 0.059512496, -0.0029797, 0.114443004)
bind/3/name = &"Ball_R"
bind/3/bone = 3
bind/3/pose = Transform3D(1.1929918e-13, 0, 1, -8.855044e-15, 1, 1.0563996e-27, -1, -8.855044e-15, 1.1929918e-13, -0.05951255, 0.002979743, -0.11444342)
bind/4/name = &"Clavicle_L"
bind/4/bone = 4
bind/4/pose = Transform3D(0.88285214, -0.012983371, -0.4694715, 0.011463363, 0.9999157, -0.0060958364, 0.4695111, -1.3418e-13, 0.8829266, -0.041317504, -1.3927602, -0.046918117)
bind/5/name = &"Clavicle_R"
bind/5/bone = 5
bind/5/pose = Transform3D(0.88285214, 0.012983371, 0.4694715, 0.011463363, -0.9999157, 0.0060958364, 0.4695111, 1.4090031e-13, -0.8829266, 0.041317433, 1.3927639, 0.046918083)
bind/6/name = &"Elbow_L"
bind/6/bone = 6
bind/6/pose = Transform3D(0.9974323, -9.305391e-15, 0.07161552, 1.2029221e-15, 1, 1.131816e-13, -0.07161552, -1.1280483e-13, 0.9974323, -0.52398604, -1.3609414, 0.09097074)
bind/7/name = &"Elbow_R"
bind/7/bone = 7
bind/7/pose = Transform3D(0.9974323, 8.309858e-15, -0.07161552, -9.005861e-16, -1, -1.2857734e-13, -0.07161552, 1.283117e-13, -0.9974323, 0.5239865, 1.36094, -0.09097075)
bind/8/name = &"Eyebrows"
bind/8/bone = 8
bind/8/pose = Transform3D(1, 9.354187e-15, -8.266602e-15, -9.354187e-15, 1, -2.5229818e-13, 8.266602e-15, 2.5229818e-13, 1, -9.978036e-15, -1.6967815, -0.117882565)
bind/9/name = &"Eyes"
bind/9/bone = 9
bind/9/pose = Transform3D(1, 9.354187e-15, -8.266602e-15, -9.354187e-15, 1, -2.5229818e-13, 8.266602e-15, 2.5229818e-13, 1, -9.980481e-15, -1.6635884, -0.117882565)
bind/10/name = &"Hand_L"
bind/10/bone = 10
bind/10/pose = Transform3D(1, -4.5211497e-15, -1.2809198e-14, 4.5211497e-15, 1, 1.132524e-13, 1.2809198e-14, -1.132524e-13, 1, -0.79963195, -1.3609414, 0.034173798)
bind/11/name = &"Finger_01_L"
bind/11/bone = 11
bind/11/pose = Transform3D(0.9897603, -0.11296662, -0.087253205, 0.1125302, 0.99359876, -0.009920201, 0.08781533, -1.1878692e-13, 0.9961368, -0.7424836, -1.4529583, -0.012237792)
bind/12/name = &"Finger_02_L"
bind/12/bone = 12
bind/12/pose = Transform3D(0.98672837, -0.15512934, -0.04797973, 0.15494627, 0.9878942, -0.0075342725, 0.048567683, -1.3731811e-13, 0.9988199, -0.7222102, -1.4849952, 0.024904007)
bind/13/name = &"Finger_03_L"
bind/13/bone = 13
bind/13/pose = Transform3D(0.9241558, -0.33495015, -0.18369678, 0.32852298, 0.9422358, -0.065301344, 0.19495837, -1.1855794e-13, 0.98081154, -0.4634136, -1.5970018, -0.11930308)
bind/14/name = &"Finger_04_L"
bind/14/bone = 14
bind/14/pose = Transform3D(1, 2.930939e-15, -1.3655743e-14, -2.930939e-15, 1, 1.203085e-13, 1.3655743e-14, -1.203085e-13, 1, -1.0039319, -1.3394725, 0.077916965)
bind/15/name = &"IndexFinger_01_L"
bind/15/bone = 15
bind/15/pose = Transform3D(0.991306, -0.008526258, 0.13130017, 0.008452439, 0.99996364, 0.0011195398, -0.13130493, -2.3294387e-13, 0.991342, -0.8831261, -1.3725082, 0.12602964)
